-4.2336584885376
-4.23168319540808
-4.22305649224506
-1.12554800239102
-0.500797746621055
-0.189978602108825
0.563584488469679
0.644839587675043
1.05655202759784
1.07271882148544
1.7149065172226
1.7294475332813
2.03479120693793
1.81165198958933
2.22972664782118
1.16703602411911
1.22895925535301
0.999858421325394
0.744943970901334
1.00470597695049
0.648807013791522
1.15561602205208
1.52900595236321
1.3616189727016
1.98258501653766
2.15070599933799
2.45101897658394
2.49752196662572
3.56840797584652
4.27047538248701
3.86800001301092
3.95199997779606
3.60799999039105
4.17799995757833
4.12008701243765
4.5190000142799
4.92699994972275
5.18742343404548
5.18984431448821
5.20303777057257
5.2490000049678
5.06334517959909
4.5177255948677
4.37629488101475
4.18076442824685
3.94492470234604
3.57776214983059
3.3569502773012
2.68599997934573
2.36245142755638
2.27613678926006
1.85899998361931
1.40099999741593
1.1710017096711
1.26796301770544
1.46294607157171
1.59701463301445
1.50302553091897
1.65843882206212
1.70049531965576
1.99665250225817
2.02644203125264
1.85335793241953
1.95407072891557
1.94918241903825
1.95234382338945
1.83128022702131
1.8880279789621
2.04107759123651
2.26574498149442
2.37227698171848
2.34246890966571
2.52931309400748
2.39916700015773
2.41836022904551
2.51536769711247
2.59092976761652
2.43988633177351
2.45666698073101
2.33138896910985
2.32805601212671
2.32947292147219
2.32999997620016
2.21083301271747
2.11222195843056
2.37388897232706
2.31222200284996
2.24916696228252
2.35333298973106
2.25333300525721
2.1860267010486
2.19583299286344
2.47388897811025
3.1693815873289
3.97405581949463
4.06647755058028
4.06647759565587
4.17945900000001
2.14034519999999
1.6069962
-0.35028740000001
-0.268527500000013
-1.7074055
-0.590630600000011
-1.10798959999999
-1.86671880000002
-1.4706197
-1.74083590000002
-2.3394272
-2.69923590000002
-3.0409532
-3.20542500000001
-3.3270832
-2.33841560000001
-2.85227910000002
-4.9473974
-5.22166170000002
-7.6240959
-9.18866870000001
-12.635741
-13.0171946
-12.6656354
-17.6901184
-22.0049961
-22.9969154
-22.9397553
-25.4158877
-25.5706875
-28.5381891
-31.1356168
-32.1876241
-31.946862
-31.8350718
-31.4622288
-31.0650423
-30.8017683
-30.2171618
-30.4243247
-33.7441535
-33.7443701985442
-33.6888010281751
-33.153424942388
-32.7408805425707
-32.4519178902383
-32.0784802202278
-31.9282446992892
-31.4565632024315
-31.2606154979407
-30.8330884497013
-31.0826667922611
-30.7856504497611
-30.10300562864
-30.0867143379856
-30.289278138623
-30.1888117904982
-30.1948339812613
-30.1838549313191
-28.2448066964556
-27.1456209305889
-25.6872837861641
-25.5926951241943
-25.5927527279374
-25.5764719639029
-24.3637706940218
-24.0044370291215
-23.8126145983661
-23.9933525535806
-23.9645052035097
-22.6552108923728
-22.2803283158052
-22.2780518442002
-22.074340731882
-22.3015540099157
-22.090232947632
-20.9406649345702
-20.1725976819373
-20.169399687567
-20.1655797328655
-19.9702975010625
-19.7579998895198
-18.2309999433113
-17.5583029164332
-17.1809999157728
-16.2655890885364
-16.2667237772718
-15.4729999522898
-15.0967693494992
-15.0959999556177
-13.7944606060615
-13.4892448068544
-13.5379997995369
-12.6138004304255
-12.5031291067927
-11.9940834997539
-11.2683391144214
-9.700199739887
-9.8935346553931
-11.1100265293592
-10.945842492364
-10.9454769146092
-10.9434323167845
-10.9998206229228
-9.42488700286433
-9.99967183354953
-9.4113964608509
-8.98494009666017
-7.53634676428833
-5.10277555848314