-69.9484517447191
-69.9479256014572
-69.9399729060784
-69.3952342482937
-69.6078316993902
-70.0432276902864
-70.043017664173
-69.1156324483017
-69.2449390045698
-69.842657602866
-69.8426514943221
-68.1644987407587
-68.1958300015752
-67.9016231221993
-67.3973873446189
-67.0867525244847
-66.8511906312966
-66.5981566854954
-66.3103198496308
-65.5889349472409
-65.5411578691919
-65.1064909509803
-64.393900914548
-64.3375268693985
-63.9922519339303
-63.4008519056796
-63.4212338709925
-64.0572968775283
-64.1743699067627
-64.8112288206402
-63.9639999182448
-63.2039999452202
-62.9599999070737
-62.4619998748696
-61.9317487968296
-60.9939998971885
-60.590999940215
-60.7328282928915
-60.7388231999401
-60.7365465995155
-60.1349999204676
-59.9698421401994
-60.1611405359094
-59.6694787468554
-59.7306904893045
-59.5153006251474
-59.8672786994341
-59.804878126538
-59.9899998860174
-59.8987237767971
-59.7231475155268
-59.7509998707424
-59.2689999117268
-58.821225585373
-58.4962240987314
-58.5087257728775
-58.322366045105
-58.0042278668972
-57.9900928759015
-57.5375971840775
-57.3071167909571
-57.0866764186096
-56.7979302181828
-56.4828500848652
-56.4689541355666
-56.4541560082283
-55.9989620467854
-55.9038543533837
-55.9031023736593
-56.138873125151
-56.0901224529971
-56.0218135706459
-55.9705158153354
-55.7169438685105
-55.3853270982852
-55.3201844179843
-55.0037375877934
-54.8684584925273
-54.693332916035
-54.6952779482881
-54.6083328865471
-54.6027778844932
-54.5966669151099
-54.4638889092578
-54.1108329464616
-53.7449998860533
-53.7338888937986
-53.5297219519806
-53.3283328705157
-53.2166668908079
-53.2789920052201
-52.9097219007032
-52.5944438685285
-52.3318692754208
-51.7778273052277
-51.6519266215277
-51.6519266010416
-51.2339734
-50.7083875
-49.8996846
-50.9485611
-48.3886547
-49.0389954
-47.3187642
-45.7176046
-45.2188255
-45.1527678
-44.6003736
-44.3570906
-44.7267651
-44.6095455
-44.7990614
-44.7689392
-43.4284578
-39.9616886
-37.1546248
-35.4163836
-34.806346
-35.303493
-38.0475299
-38.4870503
-38.8961567
-39.135984
-40.9864703
-42.0134496
-44.4144118
-48.7183373
-48.3474459
-48.7607284
-50.7897948
-52.0745994
-52.0038492
-52.097233
-51.2423873
-51.1700651
-50.7354185
-50.5243437
-51.2298724
-53.36927
-53.3694180306936
-53.5322823302034
-53.5181888413739
-53.0755832415019
-53.5832103389429
-53.7459871345505
-54.1001931205735
-54.5867652348907
-55.2400343028839
-55.5774147538037
-56.0098874471024
-56.0224068180595
-56.8077714417834
-57.0711279285144
-57.2208126771713
-57.6368406312158
-57.6474384159486
-57.6459465837563
-55.7756959338802
-53.7982188682619
-53.8427623706142
-54.5889307137146
-54.5935344897142
-54.5937199918203
-54.2587701125648
-54.3221529033925
-54.6697789994538
-55.0622331841494
-55.4142272484482
-55.6143204202843
-55.853189820517
-56.2098312291067
-56.3940398510997
-56.8428542468894
-57.9938418150767
-57.819190638886
-58.1686601677419
-58.1693224057693
-58.1684365770676
-57.8579569858145
-58.1309999164227
-57.4529998693315
-57.7369626307019
-58.395999870966
-58.322264715141
-60.1733540305123
-60.237999942461
-60.5754296210584
-60.2439998800751
-60.4677597070605
-61.0129017982393
-61.8519997795035
-63.1572612298081
-64.2901757724573
-65.0354824515372
-65.3583446901612
-65.372873772072
-66.6199443345649
-68.5425666756737
-69.5712107090232
-69.5719074423575
-69.5734238883886
-70.6210251590104
-70.4966540367447
-72.180404282675
-73.2004394013306
-72.940911444509
-73.9909437359526
-72.818311530489